path:
 - pose_id: 0
   position: [0.69, 0.0 , 0.215]
   quaternion: [0.707106781187, 0.707106781187, 0.0, 0.0]
 - pose_id: 1
   position: [0.75, -0.08 , 0.215]
   quaternion: [0.707106781187, 0.707106781187, 0.0, 0.0]
 - pose_id: 2
   position: [0.81, 0.0 , 0.215]
   quaternion: [0.707106781187, 0.707106781187, 0.0, 0.0]
 - pose_id: 3
   position: [0.75, 0.08 , 0.215]
   quaternion: [0.707106781187, 0.707106781187, 0.0, 0.0]