path:
 - pose_id: 0
   position: [0.680625, 0.0925 , 0.165]
   quaternion: [-0.105175006095, -0.437626227948, -0.354021082014, 0.819811305237]
 - pose_id: 1
   position: [0.75, 0.0 , 0.215]
   quaternion: [0.0, 0.0, -0.4472135955, 0.894427191]
 - pose_id: 2
   position: [0.819375, -0.0925 , 0.165]
   quaternion: [0.105175006095, 0.437626227948, -0.354021082014, 0.819811305237]